227
141
171
212
229
204
158
202
148
298
191
281
260
139
174
109
289
246
154
258
297
179
266
228
201
205
154
166
162
168
292
269
108
277
131
247
215
277
100
147
236
284
223
138
124
241
147
125
150
140
145
245
224
267
259
238
107
137
128
169
158
237
222
202
200
158
249
129
159
187
276
184
155
162
115
213
117
267
220
105
245
296
258
137
113
255
267
266
103
167
266
105
246
240
241
275
238
179
252
295
214
158
170
190
158
206
115
209
109
238
221
101
205
106
172
297
108
175
105
293
254
153
116
128
149
202
260
105
227
239
207
232
283
242
124
208
144
143
173
139
186
188
184
190
131
225
172
201
235
120
218
278
199
281
295
165
192
164
216
283
219
267
215
203
255
235
149
291
256
129
134
205
254
105
181
134
287
266
179
168
144
190
231
257
213
254
300
286
226
260
228
272
123
156
186
207
264
171
273
151
162
289
171
139
139
219
139
186
290
280
100
116
220
169
216
299
242
174
201
256
233
297
251
239
151
129
245
135
265
124
110
232
147
128
197
236
136
143
255
109
241
135
203
261
292
222
271
264
239
201
211
155
287
260
241
255
274
221
214
149
253
231
155
123
245
204
268
217
122
139
250
197
285
110
100
248
140
292
111
266
296
124
219
136
178
204
106
257
242
253
289
217
279
182
177
290
196
140
268
293
260
155
200
272
236
138
239
238
144
168
245
267
108
140
145
231
103
251
143
239
179
290
228
120
207
105
246
164
120
158
166
281
105
178
267
285
222
194
130
164
221
231
130
212
125
106
220
172
180
120
136
131
249
182
269
262
237
177
104
129
240
266
197
257
264
154
248
158
135
300
225
270
161
229
219
261
161
216
260
296
203
120
218
165
124
177
128
109
142
276
176
169
242
167
209
212
198
210
296
139
262
239
147
252
176
218
290
205
122
101
246
220
219
206
197
120
269
250
146
242
277
206
144
121
109
294
188
137
165
149
138
218
111
243
153
145
234
200
173
120
227
285
210
172
102
291
260
138
278
299
130
116
115
283
153
169
275
175
122
255
146
238
128
160
192
140
282
219
140
213
194
291
299
129
275
122
171
172
261
241
204
148
219
115
165
157
283
270
124
173
215
139
175
107
138
221
248
143
140
164
